
○遺伝子の読み違いのデバッグ

クラス１：01〜10
クラス２：11〜20
クラス３：21〜30

クラス1
02,00,03,00,01,00,-1,-1||07,00,10,00,05,00,-1,-1||06,00,04,00,09,00,-1,-1||08,00,-1,-1,-1,-1,-1,-1||-1,-1,-1,-1,-1,-1,-1,-1||
クラス2
11,00,13,00,-1,-1,-1,-1||17,00,19,00,18,00,-1,-1||15,00,20,00,16,00,-1,-1||14,00,-1,-1,-1,-1,-1,-1||12,00,-1,-1,-1,-1,-1,-1||
クラス3
23,00,-1,-1,-1,-1,-1,-1||30,00,26,00,21,00,-1,-1||27,00,28,00,22,00,-1,-1||29,00,-1,-1,-1,-1,-1,-1||25,00,24,00,-1,-1,-1,-1||



○２コマの授業の配置

クラス１：01〜16
クラス２：17〜32
クラス３：33〜48

クラス1
03,00,10,00,04,00,01,00||07,00,09,00,-1,-1,-1,-1||11,00,12,00,13,00,14,00||15,00,08,00,05,00,-1,-1||06,00,16,00,02,00,-1,-1||
クラス2
18,00,21,00,20,00,-1,-1||19,00,30,00,23,00,26,00||28,00,27,00,24,00,-1,-1||31,00,32,00,22,00,-1,-1||17,00,25,00,29,00,-1,-1||
クラス3
33,00,34,00,40,00,-1,-1||39,00,37,00,36,00,-1,-1||43,00,42,00,41,00,44,00||45,00,47,00,38,00,-1,-1||35,00,46,00,48,00,-1,-1||



○奇数時間のコマの配置

01〜11：2コマ
12〜14：1コマ
15〜16：3コマ
※他のクラスも同様の配分

クラス1
03,00,02,00,09,00,-1,-1||10,00,08,00,11,00,-1,-1||12,14,01,00,04,00,-1,-1||16,00,00,13,07,00,-1,-1||05,00,06,00,15,00,00,-1||
クラス2
26,00,24,00,21,00,28,-1||23,00,19,00,25,00,17,00||29,30,22,00,-1,-1,-1,-1||18,00,20,00,32,00,00,-1||27,00,31,00,00,-1,-1,-1||
クラス3
35,00,34,00,42,00,-1,-1||45,46,39,00,38,00,-1,-1||41,00,43,00,47,00,00,-1||33,00,37,00,36,00,44,-1||40,00,48,00,00,-1,-1,-1||



クラス1
09,00,08,00,04,00,05,00||02,00,07,00,06,00,-1,-1||10,00,01,00,-1,-1,-1,-1||15,00,00,16,00,00,12,14||11,00,03,00,13,-1,-1,-1||
クラス2
20,00,21,00,18,00,23,00||26,00,22,00,25,00,-1,-1||24,00,19,00,28,29,-1,-1||32,00,00,31,00,00,27,00||17,00,30,-1,-1,-1,-1,-1||
クラス3
36,00,33,00,-1,-1,-1,-1||34,00,39,00,40,00,-1,-1||42,00,46,45,43,00,-1,-1||37,00,48,00,00,44,41,00||38,00,35,00,47,00,00,-1||



○10クラス分の配置

クラス1
007,000,001,000,002,000,006,000||004,000,010,000,005,000,-01,-01||009,000,012,011,008,000,013,-01||015,000,000,014,000,000,000,000||003,000,016,000,000,-01,-01,-01||
クラス2
025,000,022,000,028,029,020,000||019,000,026,000,018,000,-01,-01||024,000,017,000,031,000,000,-01||030,000,000,000,000,027,-01,-01||023,000,021,000,032,000,000,-01||
クラス3
035,000,041,000,038,000,-01,-01||040,000,043,045,034,000,042,000||036,000,039,000,048,000,000,-01||037,000,046,000,000,000,000,-01||044,047,000,000,033,000,-01,-01||
クラス4
053,000,055,000,064,000,000,-01||051,000,054,000,050,000,056,000||049,000,059,060,063,000,000,-01||057,000,058,000,061,-01,-01,-01||052,000,062,000,000,000,000,-01||
クラス5
065,000,069,000,074,000,-01,-01||072,000,068,000,071,000,070,000||078,000,000,000,000,080,000,000||075,077,073,000,079,000,000,-01||067,000,066,000,076,-01,-01,-01||
クラス6
092,091,086,000,082,000,085,000||088,000,087,000,089,000,090,000||084,000,094,000,000,000,000,-01||095,000,000,096,000,000,-01,-01||081,000,083,000,093,-01,-01,-01||
クラス7
107,108,105,000,097,000,-01,-01||106,000,103,000,104,000,102,000||110,000,000,000,000,111,000,000||100,000,099,000,101,000,-01,-01||109,112,000,000,098,000,-01,-01||
クラス8
122,000,113,000,117,000,116,000||125,123,119,000,121,000,-01,-01||118,000,120,000,127,000,000,-01||128,000,000,124,115,000,-01,-01||114,000,126,000,000,000,000,-01||
クラス9
129,000,138,000,131,000,136,000||132,000,130,000,133,000,135,000||134,000,137,000,144,000,000,-01||140,141,143,000,000,-01,-01,-01||142,000,000,000,000,139,-01,-01||
クラス10
153,000,148,000,149,000,-01,-01||147,000,150,000,151,000,-01,-01||146,000,156,157,159,000,000,-01||160,000,000,158,000,000,000,000||154,000,145,000,152,000,155,-01||


○25クラス分の配置

Max score = 0
Mean score = -34
Total score = -4400
Generation = 49

009, 000, 002, 000, 001, 000, -01, -01, 005, 000, 004, 000, 008, 000, 010, 000, 013, 011, 006, 000, 015, 000, 000, -01, 007, 000, 014, 000, 000, 000, 000, -01, 003, 000, 012, 016, 000, 000, -01, -01, 
026, 000, 018, 000, 032, 000, 000, -01, 020, 000, 022, 000, 021, 000, 023, 000, 024, 000, 017, 000, 031, 000, 000, -01, 029, 028, 030, 000, 000, 000, 000, -01, 019, 000, 025, 000, 027, -01, -01, -01, 
035, 000, 034, 000, 042, 000, -01, -01, 037, 000, 038, 000, 048, 000, 000, -01, 041, 000, 036, 000, 040, 000, 044, -01, 033, 000, 043, 045, 047, 000, 000, -01, 039, 000, 046, 000, 000, 000, 000, -01, 
051, 000, 057, 000, 058, 000, 053, 000, 054, 000, 055, 000, 052, 000, 049, 000, 061, 059, 064, 000, 000, -01, -01, -01, 062, 000, 000, 000, 000, 063, 000, 000, 056, 000, 050, 000, 060, -01, -01, -01, 
065, 000, 067, 000, 068, 000, 069, 000, 070, 000, 066, 000, 072, 000, -01, -01, 071, 000, 076, 077, 074, 000, 075, -01, 080, 000, 000, 079, 000, 000, -01, -01, 073, 000, 078, 000, 000, 000, 000, -01, 
082, 000, 081, 000, 083, 000, 090, 000, 089, 000, 088, 000, 086, 000, -01, -01, 085, 000, 087, 000, 091, 093, 084, 000, 094, 000, 000, 000, 000, 092, -01, -01, 096, 000, 000, 095, 000, 000, -01, -01, 
097, 000, 106, 000, 098, 000, 103, 000, 100, 000, 107, 109, 102, 000, 105, 000, 104, 000, 112, 000, 000, -01, -01, -01, 101, 000, 110, 000, 000, 000, 000, -01, 099, 000, 108, 111, 000, 000, -01, -01, 
123, 124, 115, 000, 116, 000, 119, 000, 118, 000, 120, 000, 128, 000, 000, -01, 121, 000, 117, 000, 113, 000, 122, 000, 125, 126, 000, 000, 000, 000, -01, -01, 114, 000, 127, 000, 000, -01, -01, -01, 
129, 000, 132, 000, 139, 141, 136, 000, 137, 000, 131, 000, 144, 000, 000, -01, 133, 000, 138, 000, 134, 000, 130, 000, 143, 000, 000, 140, 135, 000, -01, -01, 142, 000, 000, 000, 000, -01, -01, -01, 
156, 155, 148, 000, 147, 000, -01, -01, 145, 000, 150, 000, 152, 000, 154, 000, 146, 000, 153, 000, 160, 000, 000, -01, 159, 000, 000, 157, 149, 000, -01, -01, 151, 000, 158, 000, 000, 000, 000, -01, 
167, 000, 174, 000, 000, 000, 000, -01, 164, 000, 166, 000, 168, 000, 161, 000, 171, 172, 173, 175, 000, 000, -01, -01, 165, 000, 169, 000, 176, 000, 000, -01, 163, 000, 162, 000, 170, 000, -01, -01, 
177, 000, 184, 000, 181, 000, 179, 000, 182, 000, 183, 000, 191, 000, 000, -01, 189, 188, 178, 000, 185, 000, -01, -01, 186, 000, 190, 000, 000, 000, 000, -01, 180, 000, 187, 192, 000, 000, -01, -01, 
202, 000, 194, 000, 193, 000, 201, 000, 196, 000, 197, 000, 198, 000, 199, 000, 195, 000, 200, 000, 207, 000, 000, -01, 204, 205, 203, -01, -01, -01, -01, -01, 206, 000, 000, 000, 000, 208, 000, 000, 
210, 000, 212, 000, 214, 000, 213, 000, 216, 000, 215, 000, 209, 000, -01, -01, 217, 000, 218, 000, 219, 221, -01, -01, 224, 000, 000, 223, 000, 000, -01, -01, 211, 000, 220, 222, 000, 000, 000, 000, 
227, 000, 225, 000, 231, 000, -01, -01, 233, 000, 230, 000, 232, 000, 226, 000, 228, 000, 229, 000, 240, 000, 000, -01, 235, 237, 234, 000, 239, 000, 000, -01, 236, 238, 000, 000, 000, 000, -01, -01, 
245, 000, 249, 000, 244, 000, 248, 000, 250, 000, 247, 000, 256, 000, 000, -01, 241, 000, 253, 252, 243, 000, 246, 000, 255, 000, 000, 254, 000, 000, 000, 000, 242, 000, 251, -01, -01, -01, -01, -01, 
267, 268, 259, 000, 260, 000, 258, 000, 261, 000, 263, 000, 266, 000, 265, 000, 271, 000, 000, 272, 000, 000, -01, -01, 262, 000, 270, 000, 000, 000, 000, -01, 257, 000, 264, 000, 269, -01, -01, -01, 
274, 000, 285, 284, 275, 000, 280, 000, 286, 000, 000, 000, 000, 288, 000, 000, 279, 000, 276, 000, 282, 000, -01, -01, 273, 000, 278, 000, 277, 000, -01, -01, 281, 000, 287, 000, 000, 283, -01, -01, 
289, 000, 290, 000, 297, 000, 291, 000, 293, 000, 295, 000, 294, 000, -01, -01, 296, 000, 298, 000, 292, 000, -01, -01, 300, 299, 301, 304, 000, 000, -01, -01, 302, 000, 000, 000, 000, 303, 000, 000, 
315, 316, 306, 000, -01, -01, -01, -01, 309, 000, 312, 000, 311, 000, 313, 000, 314, 000, 307, 000, 319, 000, 000, -01, 308, 000, 305, 000, 310, 000, 317, -01, 318, 000, 000, 000, 000, 320, 000, 000, 
323, 000, 321, 000, 330, 000, 322, 000, 327, 000, 333, 331, 335, 000, 000, -01, 328, 000, 336, 000, 000, -01, -01, -01, 325, 000, 329, 000, 326, 000, 324, 000, 332, 334, 000, 000, 000, 000, -01, -01, 
339, 000, 347, 348, 340, 000, -01, -01, 344, 000, 342, 000, 343, 000, 346, 000, 345, 000, 341, 000, 338, 000, -01, -01, 337, 000, 349, 350, 000, 000, 000, 000, 352, 000, 000, 351, 000, 000, -01, -01, 
355, 000, 357, 000, 356, 000, 361, 000, 354, 000, 360, 000, 359, 000, 358, 000, 362, 000, 353, 000, 368, 000, 000, -01, 363, 365, 366, 000, 000, 000, 000, -01, 364, 367, 000, 000, -01, -01, -01, -01, 
376, 000, 371, 000, 384, 000, 000, -01, 372, 000, 373, 000, 383, 000, 000, -01, 377, 000, 378, 000, 375, 000, 379, 381, 370, 000, 374, 000, 369, 000, -01, -01, 380, 382, 000, 000, 000, 000, -01, -01, 
385, 000, 393, 000, 390, 000, 392, 000, 397, 395, 391, 000, 387, 000, -01, -01, 394, 000, 388, 000, 389, 000, -01, -01, 399, 000, 000, 400, 000, 000, 396, -01, 386, 000, 398, 000, 000, 000, 000, -01, 



