
・奇数時間の問題
　お昼休みをまたいで奇数時間同士が組み合わされて配置されている。

例
31,00,00,30,00,00,00,00


・時間の長い授業の問題
　お昼休みをまたいで配置されることが多い。

上の例同様


・休みが金曜日に固まりやすい。

例
クラス1
01,00,09,00,02,00,03,00||06,00,05,00,04,00,07,00||11,13,08,00,10,00,-1,-1||16,00,00,14,00,00,00,00||15,00,00,12,-1,-1,-1,-1||
クラス2
27,28,22,00,25,00,19,00||21,00,23,00,24,00,26,00||30,00,00,00,00,-1,-1,-1||31,00,00,32,00,00,17,00||18,00,20,00,29,-1,-1,-1||
クラス3
33,00,35,00,34,00,42,00||43,44,38,00,47,00,00,-1||37,00,41,00,36,00,40,00||39,00,46,00,00,00,00,-1||48,00,00,45,-1,-1,-1,-1||

　休みの曜日ごとのバランスのよい配分を考慮できないか。

配置不能になる確率
クラス数が 3の時……1%〜2%程度
クラス数が10の時……2%〜4%程度


↑配置不能は解決
突然変異のコードのミスにより遺伝子が不完全だったため発生

遺伝子数はあまり多くても意味がなく、128個体程度が妥当。
25クラスをダミーデータでシミュレーションしたところ、50世代くらいで収束するというデータが取れた。