001:141
002:2	2	0	1	0	1	0
003:2	4	0	2	0	1	0
004:2	2	0	3	0	1	0
005:2	2	0	4	1	1	0
006:2	2	0	125	2	27	1
007:2	2	0	126	0	26	1
008:2	2	0	12	0	1	0
009:2	2	0	13	0	1	0
010:2	2	0	14	0	1	0
011:2	2	0	5	0	1	3
012:2	2	0	15	6	1	0
013:2	2	0	4	10	1	0
014:2	2	0	127	0	26	1
015:2	2	0	21	3	1	0
016:5	5	0	128	12	1	7
017:1	1	0	133	0	1	0
018:2	2	0	4	10	2	0
019:2	4	0	14	0	2	0
020:2	2	0	24	0	2	0
021:2	2	0	13	0	2	0
022:2	2	0	1	0	2	0
023:2	2	0	21	3	2	0
024:2	2	0	12	0	2	0
025:2	2	0	8	2	2	0
026:2	2	0	4	1	2	0
027:2	2	0	15	6	2	0
028:2	2	0	5	7	2	3
029:5	5	0	129	29	2	7
030:1	1	0	134	0	2	0
031:2	4	0	10	0	3	0
032:2	2	0	29	0	3	0
033:2	2	0	18	0	3	0
034:2	2	0	5	7	3	0
035:2	2	0	1	0	3	0
036:2	2	0	13	0	3	0
037:2	2	0	4	1	3	0
038:2	2	0	125	2	28	1
039:2	2	0	9	0	3	0
040:2	2	0	12	0	3	0
041:2	2	0	21	2	3	0
042:2	2	0	4	10	3	0
043:5	5	0	130	30	3	7
044:1	1	0	135	0	3	0
045:2	2	0	3	0	4	0
046:2	2	0	4	7	4	3
047:2	2	0	21	2	4	0
048:2	2	0	29	0	4	0
049:2	4	0	8	2	4	0
050:2	2	0	33	0	4	0
051:2	2	0	4	1	4	0
052:2	2	0	10	0	4	0
053:2	2	0	13	0	4	0
054:2	2	0	12	0	4	0
055:2	2	0	1	0	4	0
056:5	5	0	131	10	4	7
057:1	1	0	136	0	4	0
058:2	2	0	38	0	5	0
059:2	2	0	1	0	5	0
060:2	2	0	29	0	5	0
061:2	2	0	21	3	5	0
062:2	4	0	9	0	5	0
063:2	2	0	4	1	5	0
064:2	2	0	29	0	5	0
065:2	2	0	33	0	5	0
066:2	2	0	11	0	5	0
067:2	2	0	5	7	5	3
068:2	2	0	12	0	5	0
069:5	5	0	132	0	5	7
070:1	1	0	137	0	5	0
071:2	4	0	138	0	29	1
072:2	2	0	33	0	6	0
073:4	4	0	42	13	6	6
074:2	2	0	43	0	6	0
075:2	2	0	34	0	6	0
076:2	2	0	44	0	6	0
077:2	2	0	6	7	6	2
078:2	2	0	45	0	6	0
079:2	2	0	16	6	6	0
080:2	2	0	46	8	6	0
081:2	2	0	47	12	6	3
082:2	2	0	48	0	6	0
083:2	2	0	49	0	6	0
084:2	2	0	50	31	6	0
085:2	2	0	51	0	6	0
086:2	2	0	45	0	7	0
087:2	2	0	52	11	7	0
088:2	2	0	53	0	7	0
089:2	2	0	50	31	7	0
090:2	2	0	51	0	7	0
091:2	2	0	44	0	7	0
092:2	2	0	17	0	7	0
093:2	2	0	46	8	7	0
094:4	4	0	139	36	7	6
095:2	2	0	6	7	7	2
096:2	2	0	43	0	7	0
097:2	2	0	8	2	7	0
098:2	2	0	55	0	7	0
099:2	2	0	48	0	7	0
100:2	2	0	51	0	8	0
101:2	2	0	33	0	8	0
102:2	2	0	48	0	8	0
103:2	4	0	56	0	8	0
104:2	2	0	44	0	8	0
105:2	2	0	6	7	8	2
106:2	2	0	49	0	8	0
107:2	2	0	57	3	8	0
108:4	4	0	140	30	8	6
109:2	2	0	45	0	8	0
110:2	2	0	50	31	8	0
111:2	2	0	55	0	8	0
112:2	2	0	43	0	8	0
113:2	2	0	48	0	9	0
114:2	2	0	6	7	9	2
115:2	2	0	44	0	9	0
116:2	2	0	53	0	9	0
117:4	4	0	141	33	9	6
118:2	2	0	43	0	9	0
119:2	2	0	49	0	9	0
120:2	2	0	45	0	9	0
121:2	2	0	64	3	9	0
122:2	2	0	65	11	9	0
123:2	2	0	34	0	9	0
124:2	2	0	51	0	9	0
125:2	2	0	61	11	9	0
126:2	2	0	50	31	9	0
127:2	2	0	66	0	10	0
128:2	2	0	45	0	10	0
129:2	2	0	6	7	10	2
130:2	2	0	50	31	10	0
131:2	2	0	67	0	10	0
132:3	3	0	142	27	10	6
133:2	2	0	69	0	10	0
134:2	2	0	48	0	10	0
135:2	2	0	9	0	10	0
136:2	2	0	46	8	10	0
137:2	2	0	51	0	10	0
138:2	2	0	64	3	10	0
139:2	2	0	29	0	10	0
140:2	2	0	33	0	10	0
141:2	2	0	55	0	10	0
142:1	1	0	7	0	6	0
143:1	1	0	8	0	7	0
144:1	1	0	31	0	8	0
145:1	1	0	35	0	9	0
146:1	1	0	9	0	10	0
147: