Gene
-2, 07, -2, -1, 02, 08, -2, -2, 03, -1, 05, -2, 13, -2, -2, 11, -2, -2, -2, -2, 12, -1, -2, 06, 04, -2, 09, 01, -2, 10, 15, -2, 14, -2, -2, -1, -2, -1, -1, 01, 
17, -2, 22, -2, 23, -1, -2, -2, -2, -1, -2, -2, 20, -2, 21, 26, -2, -1, 16, -2, 24, 27, -2, -2, 29, -2, 28, 25, -2, -1, 19, -2, -1, -2, -2, 18, -2, -2, -2, -1, 
-1, -2, 30, -2, -2, -2, 33, -2, 32, -1, -2, -2, 39, 33, 41, 34, -1, 36, -2, 40, 38, -2, -2, -2, -2, 37, 35, -2, -2, -2, -2, -2, -2, 42, -2, -2, 31, -1, -1, -1, 
-2, -2, -2, 55, -1, -2, -2, -2, -2, 45, 44, 49, 47, -2, -1, -2, 54, -2, -2, -2, -2, 53, 43, -2, 52, -2, 50, 51, 48, -2, -2, 46, -2, 56, -1, -2, -1, -2, -1, -1, 
59, -2, -2, -2, 68, -2, -2, 60, -2, -2, -2, -2, 58, 57, 61, -2, 63, -2, -2, -2, -1, 66, -2, 69, -2, -2, 64, 67, -2, -2, -2, 71, 62, 70, 65, -2, -1, -1, -1, -1, 


クラス1, 1日目, 1時間目の配置
遺伝子番号：3
遺伝子番号：4
遺伝子番号：5
読み込まれた遺伝子：7
Blank：0
Queue：0
Heap ：0
配置する科目：7
時間数：2

07, 00, 00, 00, 00, 00, 00, 00, 00, 00, 00, 00, 00, 00, 00, 00, 00, 00, 00, 00, 00, 00, 00, 00, 00, 00, 00, 00, 00, 00, 00, 00, 00, 00, 00, 00, 00, 00, 00, 00, 
00, 00, 00, 00, 00, 00, 00, 00, 00, 00, 00, 00, 00, 00, 00, 00, 00, 00, 00, 00, 00, 00, 00, 00, 00, 00, 00, 00, 00, 00, 00, 00, 00, 00, 00, 00, 00, 00, 00, 00, 
00, 00, 00, 00, 00, 00, 00, 00, 00, 00, 00, 00, 00, 00, 00, 00, 00, 00, 00, 00, 00, 00, 00, 00, 00, 00, 00, 00, 00, 00, 00, 00, 00, 00, 00, 00, 00, 00, 00, 00, 
00, 00, 00, 00, 00, 00, 00, 00, 00, 00, 00, 00, 00, 00, 00, 00, 00, 00, 00, 00, 00, 00, 00, 00, 00, 00, 00, 00, 00, 00, 00, 00, 00, 00, 00, 00, 00, 00, 00, 00, 
00, 00, 00, 00, 00, 00, 00, 00, 00, 00, 00, 00, 00, 00, 00, 00, 00, 00, 00, 00, 00, 00, 00, 00, 00, 00, 00, 00, 00, 00, 00, 00, 00, 00, 00, 00, 00, 00, 00, 00, 

遺伝子番号：5
読み込まれた遺伝子：7
Blank：0
Queue：0
Heap ：0
クラス1, 1日目, 3時間目の配置
遺伝子番号：5
遺伝子番号：6
遺伝子番号：7
読み込まれた遺伝子：-1
Blank：0
Queue：0
Heap ：0
07, 00, 00, 00, 00, 00, 00, 00, 00, 00, 00, 00, 00, 00, 00, 00, 00, 00, 00, 00, 00, 00, 00, 00, 00, 00, 00, 00, 00, 00, 00, 00, 00, 00, 00, 00, 00, 00, 00, 00, 
00, 00, 00, 00, 00, 00, 00, 00, 00, 00, 00, 00, 00, 00, 00, 00, 00, 00, 00, 00, 00, 00, 00, 00, 00, 00, 00, 00, 00, 00, 00, 00, 00, 00, 00, 00, 00, 00, 00, 00, 
00, 00, 00, 00, 00, 00, 00, 00, 00, 00, 00, 00, 00, 00, 00, 00, 00, 00, 00, 00, 00, 00, 00, 00, 00, 00, 00, 00, 00, 00, 00, 00, 00, 00, 00, 00, 00, 00, 00, 00, 
00, 00, 00, 00, 00, 00, 00, 00, 00, 00, 00, 00, 00, 00, 00, 00, 00, 00, 00, 00, 00, 00, 00, 00, 00, 00, 00, 00, 00, 00, 00, 00, 00, 00, 00, 00, 00, 00, 00, 00, 
00, 00, 00, 00, 00, 00, 00, 00, 00, 00, 00, 00, 00, 00, 00, 00, 00, 00, 00, 00, 00, 00, 00, 00, 00, 00, 00, 00, 00, 00, 00, 00, 00, 00, 00, 00, 00, 00, 00, 00, 

遺伝子番号：7
読み込まれた遺伝子：-1
Blank：1
Queue：0
Heap ：0
クラス1, 1日目, 3時間目の配置
遺伝子番号：7
遺伝子番号：8
読み込まれた遺伝子：2
Blank：1
Queue：0
Heap ：0
配置する科目：2
時間数：2

07, 00, 02, 00, 00, 00, 00, 00, 00, 00, 00, 00, 00, 00, 00, 00, 00, 00, 00, 00, 00, 00, 00, 00, 00, 00, 00, 00, 00, 00, 00, 00, 00, 00, 00, 00, 00, 00, 00, 00, 
00, 00, 00, 00, 00, 00, 00, 00, 00, 00, 00, 00, 00, 00, 00, 00, 00, 00, 00, 00, 00, 00, 00, 00, 00, 00, 00, 00, 00, 00, 00, 00, 00, 00, 00, 00, 00, 00, 00, 00, 
00, 00, 00, 00, 00, 00, 00, 00, 00, 00, 00, 00, 00, 00, 00, 00, 00, 00, 00, 00, 00, 00, 00, 00, 00, 00, 00, 00, 00, 00, 00, 00, 00, 00, 00, 00, 00, 00, 00, 00, 
00, 00, 00, 00, 00, 00, 00, 00, 00, 00, 00, 00, 00, 00, 00, 00, 00, 00, 00, 00, 00, 00, 00, 00, 00, 00, 00, 00, 00, 00, 00, 00, 00, 00, 00, 00, 00, 00, 00, 00, 
00, 00, 00, 00, 00, 00, 00, 00, 00, 00, 00, 00, 00, 00, 00, 00, 00, 00, 00, 00, 00, 00, 00, 00, 00, 00, 00, 00, 00, 00, 00, 00, 00, 00, 00, 00, 00, 00, 00, 00, 

遺伝子番号：8
読み込まれた遺伝子：2
Blank：1
Queue：0
Heap ：0
クラス1, 1日目, 5時間目の配置
遺伝子番号：8
遺伝子番号：9
読み込まれた遺伝子：8
Blank：1
Queue：0
Heap ：0
配置する科目：8
時間数：2

07, 00, 02, 00, 08, 00, 00, 00, 00, 00, 00, 00, 00, 00, 00, 00, 00, 00, 00, 00, 00, 00, 00, 00, 00, 00, 00, 00, 00, 00, 00, 00, 00, 00, 00, 00, 00, 00, 00, 00, 
00, 00, 00, 00, 00, 00, 00, 00, 00, 00, 00, 00, 00, 00, 00, 00, 00, 00, 00, 00, 00, 00, 00, 00, 00, 00, 00, 00, 00, 00, 00, 00, 00, 00, 00, 00, 00, 00, 00, 00, 
00, 00, 00, 00, 00, 00, 00, 00, 00, 00, 00, 00, 00, 00, 00, 00, 00, 00, 00, 00, 00, 00, 00, 00, 00, 00, 00, 00, 00, 00, 00, 00, 00, 00, 00, 00, 00, 00, 00, 00, 
00, 00, 00, 00, 00, 00, 00, 00, 00, 00, 00, 00, 00, 00, 00, 00, 00, 00, 00, 00, 00, 00, 00, 00, 00, 00, 00, 00, 00, 00, 00, 00, 00, 00, 00, 00, 00, 00, 00, 00, 
00, 00, 00, 00, 00, 00, 00, 00, 00, 00, 00, 00, 00, 00, 00, 00, 00, 00, 00, 00, 00, 00, 00, 00, 00, 00, 00, 00, 00, 00, 00, 00, 00, 00, 00, 00, 00, 00, 00, 00, 

遺伝子番号：9
読み込まれた遺伝子：8
Blank：1
Queue：0
Heap ：0
クラス1, 1日目, 7時間目の配置
遺伝子番号：10
読み込まれた遺伝子：8
Blank：0
Queue：0
Heap ：0
配置する科目：8
時間数：2

07, 00, 02, 00, 08, 00, -1, -1, 00, 00, 00, 00, 00, 00, 00, 00, 00, 00, 00, 00, 00, 00, 00, 00, 00, 00, 00, 00, 00, 00, 00, 00, 00, 00, 00, 00, 00, 00, 00, 00, 
00, 00, 00, 00, 00, 00, 00, 00, 00, 00, 00, 00, 00, 00, 00, 00, 00, 00, 00, 00, 00, 00, 00, 00, 00, 00, 00, 00, 00, 00, 00, 00, 00, 00, 00, 00, 00, 00, 00, 00, 
00, 00, 00, 00, 00, 00, 00, 00, 00, 00, 00, 00, 00, 00, 00, 00, 00, 00, 00, 00, 00, 00, 00, 00, 00, 00, 00, 00, 00, 00, 00, 00, 00, 00, 00, 00, 00, 00, 00, 00, 
00, 00, 00, 00, 00, 00, 00, 00, 00, 00, 00, 00, 00, 00, 00, 00, 00, 00, 00, 00, 00, 00, 00, 00, 00, 00, 00, 00, 00, 00, 00, 00, 00, 00, 00, 00, 00, 00, 00, 00, 
00, 00, 00, 00, 00, 00, 00, 00, 00, 00, 00, 00, 00, 00, 00, 00, 00, 00, 00, 00, 00, 00, 00, 00, 00, 00, 00, 00, 00, 00, 00, 00, 00, 00, 00, 00, 00, 00, 00, 00, 

遺伝子番号：10
読み込まれた遺伝子：8
Blank：0
Queue：1
Heap ：0
クラス1, 2日目, 1時間目の配置
遺伝子番号：10
Limit：43
ヒープから取り出された遺伝子：8
遺伝子番号：10
読み込まれた遺伝子：8
Blank：0
Queue：0
Heap ：0
配置する科目：8
時間数：2

07, 00, 02, 00, 08, 00, -1, -1, 08, 00, 00, 00, 00, 00, 00, 00, 00, 00, 00, 00, 00, 00, 00, 00, 00, 00, 00, 00, 00, 00, 00, 00, 00, 00, 00, 00, 00, 00, 00, 00, 
00, 00, 00, 00, 00, 00, 00, 00, 00, 00, 00, 00, 00, 00, 00, 00, 00, 00, 00, 00, 00, 00, 00, 00, 00, 00, 00, 00, 00, 00, 00, 00, 00, 00, 00, 00, 00, 00, 00, 00, 
00, 00, 00, 00, 00, 00, 00, 00, 00, 00, 00, 00, 00, 00, 00, 00, 00, 00, 00, 00, 00, 00, 00, 00, 00, 00, 00, 00, 00, 00, 00, 00, 00, 00, 00, 00, 00, 00, 00, 00, 
00, 00, 00, 00, 00, 00, 00, 00, 00, 00, 00, 00, 00, 00, 00, 00, 00, 00, 00, 00, 00, 00, 00, 00, 00, 00, 00, 00, 00, 00, 00, 00, 00, 00, 00, 00, 00, 00, 00, 00, 
00, 00, 00, 00, 00, 00, 00, 00, 00, 00, 00, 00, 00, 00, 00, 00, 00, 00, 00, 00, 00, 00, 00, 00, 00, 00, 00, 00, 00, 00, 00, 00, 00, 00, 00, 00, 00, 00, 00, 00, 

遺伝子番号：10
読み込まれた遺伝子：8
Blank：0
Queue：0
Heap ：0
クラス1, 2日目, 3時間目の配置
遺伝子番号：10
遺伝子番号：11
遺伝子番号：12
読み込まれた遺伝子：3
Blank：0
Queue：0
Heap ：0
配置する科目：3
時間数：4

07, 00, 02, 00, 08, 00, -1, -1, 08, 00, 03, 00, 00, 00, 00, 00, 00, 00, 00, 00, 00, 00, 00, 00, 00, 00, 00, 00, 00, 00, 00, 00, 00, 00, 00, 00, 00, 00, 00, 00, 
00, 00, 00, 00, 00, 00, 00, 00, 00, 00, 00, 00, 00, 00, 00, 00, 00, 00, 00, 00, 00, 00, 00, 00, 00, 00, 00, 00, 00, 00, 00, 00, 00, 00, 00, 00, 00, 00, 00, 00, 
00, 00, 00, 00, 00, 00, 00, 00, 00, 00, 00, 00, 00, 00, 00, 00, 00, 00, 00, 00, 00, 00, 00, 00, 00, 00, 00, 00, 00, 00, 00, 00, 00, 00, 00, 00, 00, 00, 00, 00, 
00, 00, 00, 00, 00, 00, 00, 00, 00, 00, 00, 00, 00, 00, 00, 00, 00, 00, 00, 00, 00, 00, 00, 00, 00, 00, 00, 00, 00, 00, 00, 00, 00, 00, 00, 00, 00, 00, 00, 00, 
00, 00, 00, 00, 00, 00, 00, 00, 00, 00, 00, 00, 00, 00, 00, 00, 00, 00, 00, 00, 00, 00, 00, 00, 00, 00, 00, 00, 00, 00, 00, 00, 00, 00, 00, 00, 00, 00, 00, 00, 

遺伝子番号：12
読み込まれた遺伝子：3
Blank：0
Queue：0
Heap ：0
クラス1, 2日目, 7時間目の配置
遺伝子番号：12
遺伝子番号：13
遺伝子番号：14
読み込まれた遺伝子：5
Blank：0
Queue：0
Heap ：0
配置する科目：5
時間数：2

07, 00, 02, 00, 08, 00, -1, -1, 08, 00, 03, 00, 00, 00, 05, 00, 00, 00, 00, 00, 00, 00, 00, 00, 00, 00, 00, 00, 00, 00, 00, 00, 00, 00, 00, 00, 00, 00, 00, 00, 
00, 00, 00, 00, 00, 00, 00, 00, 00, 00, 00, 00, 00, 00, 00, 00, 00, 00, 00, 00, 00, 00, 00, 00, 00, 00, 00, 00, 00, 00, 00, 00, 00, 00, 00, 00, 00, 00, 00, 00, 
00, 00, 00, 00, 00, 00, 00, 00, 00, 00, 00, 00, 00, 00, 00, 00, 00, 00, 00, 00, 00, 00, 00, 00, 00, 00, 00, 00, 00, 00, 00, 00, 00, 00, 00, 00, 00, 00, 00, 00, 
00, 00, 00, 00, 00, 00, 00, 00, 00, 00, 00, 00, 00, 00, 00, 00, 00, 00, 00, 00, 00, 00, 00, 00, 00, 00, 00, 00, 00, 00, 00, 00, 00, 00, 00, 00, 00, 00, 00, 00, 
00, 00, 00, 00, 00, 00, 00, 00, 00, 00, 00, 00, 00, 00, 00, 00, 00, 00, 00, 00, 00, 00, 00, 00, 00, 00, 00, 00, 00, 00, 00, 00, 00, 00, 00, 00, 00, 00, 00, 00, 

遺伝子番号：14
読み込まれた遺伝子：5
Blank：0
Queue：0
Heap ：0
クラス1, 3日目, 1時間目の配置
遺伝子番号：14
遺伝子番号：15
遺伝子番号：16
読み込まれた遺伝子：13
Blank：0
Queue：0
Heap ：0
配置する科目：13
時間数：2

07, 00, 02, 00, 08, 00, -1, -1, 08, 00, 03, 00, 00, 00, 05, 00, 13, 00, 00, 00, 00, 00, 00, 00, 00, 00, 00, 00, 00, 00, 00, 00, 00, 00, 00, 00, 00, 00, 00, 00, 
00, 00, 00, 00, 00, 00, 00, 00, 00, 00, 00, 00, 00, 00, 00, 00, 00, 00, 00, 00, 00, 00, 00, 00, 00, 00, 00, 00, 00, 00, 00, 00, 00, 00, 00, 00, 00, 00, 00, 00, 
00, 00, 00, 00, 00, 00, 00, 00, 00, 00, 00, 00, 00, 00, 00, 00, 00, 00, 00, 00, 00, 00, 00, 00, 00, 00, 00, 00, 00, 00, 00, 00, 00, 00, 00, 00, 00, 00, 00, 00, 
00, 00, 00, 00, 00, 00, 00, 00, 00, 00, 00, 00, 00, 00, 00, 00, 00, 00, 00, 00, 00, 00, 00, 00, 00, 00, 00, 00, 00, 00, 00, 00, 00, 00, 00, 00, 00, 00, 00, 00, 
00, 00, 00, 00, 00, 00, 00, 00, 00, 00, 00, 00, 00, 00, 00, 00, 00, 00, 00, 00, 00, 00, 00, 00, 00, 00, 00, 00, 00, 00, 00, 00, 00, 00, 00, 00, 00, 00, 00, 00, 

遺伝子番号：16
読み込まれた遺伝子：13
Blank：0
Queue：0
Heap ：0
クラス1, 3日目, 3時間目の配置
遺伝子番号：16
遺伝子番号：17
遺伝子番号：18
遺伝子番号：19
読み込まれた遺伝子：11
Blank：0
Queue：0
Heap ：0
配置する科目：11
時間数：2

07, 00, 02, 00, 08, 00, -1, -1, 08, 00, 03, 00, 00, 00, 05, 00, 13, 00, 11, 00, 00, 00, 00, 00, 00, 00, 00, 00, 00, 00, 00, 00, 00, 00, 00, 00, 00, 00, 00, 00, 
00, 00, 00, 00, 00, 00, 00, 00, 00, 00, 00, 00, 00, 00, 00, 00, 00, 00, 00, 00, 00, 00, 00, 00, 00, 00, 00, 00, 00, 00, 00, 00, 00, 00, 00, 00, 00, 00, 00, 00, 
00, 00, 00, 00, 00, 00, 00, 00, 00, 00, 00, 00, 00, 00, 00, 00, 00, 00, 00, 00, 00, 00, 00, 00, 00, 00, 00, 00, 00, 00, 00, 00, 00, 00, 00, 00, 00, 00, 00, 00, 
00, 00, 00, 00, 00, 00, 00, 00, 00, 00, 00, 00, 00, 00, 00, 00, 00, 00, 00, 00, 00, 00, 00, 00, 00, 00, 00, 00, 00, 00, 00, 00, 00, 00, 00, 00, 00, 00, 00, 00, 
00, 00, 00, 00, 00, 00, 00, 00, 00, 00, 00, 00, 00, 00, 00, 00, 00, 00, 00, 00, 00, 00, 00, 00, 00, 00, 00, 00, 00, 00, 00, 00, 00, 00, 00, 00, 00, 00, 00, 00, 

遺伝子番号：19
読み込まれた遺伝子：11
Blank：0
Queue：0
Heap ：0
クラス1, 3日目, 5時間目の配置
遺伝子番号：19
遺伝子番号：20
遺伝子番号：21
遺伝子番号：22
遺伝子番号：23
遺伝子番号：24
読み込まれた遺伝子：12
Blank：0
Queue：0
Heap ：0
配置する科目：12
時間数：2

07, 00, 02, 00, 08, 00, -1, -1, 08, 00, 03, 00, 00, 00, 05, 00, 13, 00, 11, 00, 12, 00, 00, 00, 00, 00, 00, 00, 00, 00, 00, 00, 00, 00, 00, 00, 00, 00, 00, 00, 
00, 00, 00, 00, 00, 00, 00, 00, 00, 00, 00, 00, 00, 00, 00, 00, 00, 00, 00, 00, 00, 00, 00, 00, 00, 00, 00, 00, 00, 00, 00, 00, 00, 00, 00, 00, 00, 00, 00, 00, 
00, 00, 00, 00, 00, 00, 00, 00, 00, 00, 00, 00, 00, 00, 00, 00, 00, 00, 00, 00, 00, 00, 00, 00, 00, 00, 00, 00, 00, 00, 00, 00, 00, 00, 00, 00, 00, 00, 00, 00, 
00, 00, 00, 00, 00, 00, 00, 00, 00, 00, 00, 00, 00, 00, 00, 00, 00, 00, 00, 00, 00, 00, 00, 00, 00, 00, 00, 00, 00, 00, 00, 00, 00, 00, 00, 00, 00, 00, 00, 00, 
00, 00, 00, 00, 00, 00, 00, 00, 00, 00, 00, 00, 00, 00, 00, 00, 00, 00, 00, 00, 00, 00, 00, 00, 00, 00, 00, 00, 00, 00, 00, 00, 00, 00, 00, 00, 00, 00, 00, 00, 

遺伝子番号：24
読み込まれた遺伝子：12
Blank：0
Queue：0
Heap ：0
クラス1, 3日目, 7時間目の配置
遺伝子番号：24
遺伝子番号：25
読み込まれた遺伝子：-1
Blank：0
Queue：0
Heap ：0
07, 00, 02, 00, 08, 00, -1, -1, 08, 00, 03, 00, 00, 00, 05, 00, 13, 00, 11, 00, 12, 00, -1, -1, 00, 00, 00, 00, 00, 00, 00, 00, 00, 00, 00, 00, 00, 00, 00, 00, 
00, 00, 00, 00, 00, 00, 00, 00, 00, 00, 00, 00, 00, 00, 00, 00, 00, 00, 00, 00, 00, 00, 00, 00, 00, 00, 00, 00, 00, 00, 00, 00, 00, 00, 00, 00, 00, 00, 00, 00, 
00, 00, 00, 00, 00, 00, 00, 00, 00, 00, 00, 00, 00, 00, 00, 00, 00, 00, 00, 00, 00, 00, 00, 00, 00, 00, 00, 00, 00, 00, 00, 00, 00, 00, 00, 00, 00, 00, 00, 00, 
00, 00, 00, 00, 00, 00, 00, 00, 00, 00, 00, 00, 00, 00, 00, 00, 00, 00, 00, 00, 00, 00, 00, 00, 00, 00, 00, 00, 00, 00, 00, 00, 00, 00, 00, 00, 00, 00, 00, 00, 
00, 00, 00, 00, 00, 00, 00, 00, 00, 00, 00, 00, 00, 00, 00, 00, 00, 00, 00, 00, 00, 00, 00, 00, 00, 00, 00, 00, 00, 00, 00, 00, 00, 00, 00, 00, 00, 00, 00, 00, 

遺伝子番号：26
読み込まれた遺伝子：-1
Blank：0
Queue：0
Heap ：0
クラス1, 4日目, 1時間目の配置
遺伝子番号：26
遺伝子番号：27
読み込まれた遺伝子：6
Blank：0
Queue：0
Heap ：0
配置する科目：6
時間数：2

07, 00, 02, 00, 08, 00, -1, -1, 08, 00, 03, 00, 00, 00, 05, 00, 13, 00, 11, 00, 12, 00, -1, -1, 06, 00, 00, 00, 00, 00, 00, 00, 00, 00, 00, 00, 00, 00, 00, 00, 
00, 00, 00, 00, 00, 00, 00, 00, 00, 00, 00, 00, 00, 00, 00, 00, 00, 00, 00, 00, 00, 00, 00, 00, 00, 00, 00, 00, 00, 00, 00, 00, 00, 00, 00, 00, 00, 00, 00, 00, 
00, 00, 00, 00, 00, 00, 00, 00, 00, 00, 00, 00, 00, 00, 00, 00, 00, 00, 00, 00, 00, 00, 00, 00, 00, 00, 00, 00, 00, 00, 00, 00, 00, 00, 00, 00, 00, 00, 00, 00, 
00, 00, 00, 00, 00, 00, 00, 00, 00, 00, 00, 00, 00, 00, 00, 00, 00, 00, 00, 00, 00, 00, 00, 00, 00, 00, 00, 00, 00, 00, 00, 00, 00, 00, 00, 00, 00, 00, 00, 00, 
00, 00, 00, 00, 00, 00, 00, 00, 00, 00, 00, 00, 00, 00, 00, 00, 00, 00, 00, 00, 00, 00, 00, 00, 00, 00, 00, 00, 00, 00, 00, 00, 00, 00, 00, 00, 00, 00, 00, 00, 

遺伝子番号：27
読み込まれた遺伝子：6
Blank：0
Queue：0
Heap ：0
クラス1, 4日目, 3時間目の配置
遺伝子番号：27
遺伝子番号：28
読み込まれた遺伝子：4
Blank：0
Queue：0
Heap ：0
配置する科目：4
時間数：2

07, 00, 02, 00, 08, 00, -1, -1, 08, 00, 03, 00, 00, 00, 05, 00, 13, 00, 11, 00, 12, 00, -1, -1, 06, 00, 04, 00, 00, 00, 00, 00, 00, 00, 00, 00, 00, 00, 00, 00, 
00, 00, 00, 00, 00, 00, 00, 00, 00, 00, 00, 00, 00, 00, 00, 00, 00, 00, 00, 00, 00, 00, 00, 00, 00, 00, 00, 00, 00, 00, 00, 00, 00, 00, 00, 00, 00, 00, 00, 00, 
00, 00, 00, 00, 00, 00, 00, 00, 00, 00, 00, 00, 00, 00, 00, 00, 00, 00, 00, 00, 00, 00, 00, 00, 00, 00, 00, 00, 00, 00, 00, 00, 00, 00, 00, 00, 00, 00, 00, 00, 
00, 00, 00, 00, 00, 00, 00, 00, 00, 00, 00, 00, 00, 00, 00, 00, 00, 00, 00, 00, 00, 00, 00, 00, 00, 00, 00, 00, 00, 00, 00, 00, 00, 00, 00, 00, 00, 00, 00, 00, 
00, 00, 00, 00, 00, 00, 00, 00, 00, 00, 00, 00, 00, 00, 00, 00, 00, 00, 00, 00, 00, 00, 00, 00, 00, 00, 00, 00, 00, 00, 00, 00, 00, 00, 00, 00, 00, 00, 00, 00, 

遺伝子番号：28
読み込まれた遺伝子：4
Blank：0
Queue：0
Heap ：0
クラス1, 4日目, 5時間目の配置
遺伝子番号：28
遺伝子番号：29
遺伝子番号：30
読み込まれた遺伝子：9
Blank：0
Queue：0
Heap ：0
配置する科目：9
時間数：2

07, 00, 02, 00, 08, 00, -1, -1, 08, 00, 03, 00, 00, 00, 05, 00, 13, 00, 11, 00, 12, 00, -1, -1, 06, 00, 04, 00, 09, 00, 00, 00, 00, 00, 00, 00, 00, 00, 00, 00, 
00, 00, 00, 00, 00, 00, 00, 00, 00, 00, 00, 00, 00, 00, 00, 00, 00, 00, 00, 00, 00, 00, 00, 00, 00, 00, 00, 00, 00, 00, 00, 00, 00, 00, 00, 00, 00, 00, 00, 00, 
00, 00, 00, 00, 00, 00, 00, 00, 00, 00, 00, 00, 00, 00, 00, 00, 00, 00, 00, 00, 00, 00, 00, 00, 00, 00, 00, 00, 00, 00, 00, 00, 00, 00, 00, 00, 00, 00, 00, 00, 
00, 00, 00, 00, 00, 00, 00, 00, 00, 00, 00, 00, 00, 00, 00, 00, 00, 00, 00, 00, 00, 00, 00, 00, 00, 00, 00, 00, 00, 00, 00, 00, 00, 00, 00, 00, 00, 00, 00, 00, 
00, 00, 00, 00, 00, 00, 00, 00, 00, 00, 00, 00, 00, 00, 00, 00, 00, 00, 00, 00, 00, 00, 00, 00, 00, 00, 00, 00, 00, 00, 00, 00, 00, 00, 00, 00, 00, 00, 00, 00, 

遺伝子番号：30
読み込まれた遺伝子：9
Blank：0
Queue：0
Heap ：0
クラス1, 4日目, 7時間目の配置
遺伝子番号：30
遺伝子番号：31
読み込まれた遺伝子：1
Blank：0
Queue：0
Heap ：0
配置する科目：1
時間数：2

07, 00, 02, 00, 08, 00, -1, -1, 08, 00, 03, 00, 00, 00, 05, 00, 13, 00, 11, 00, 12, 00, -1, -1, 06, 00, 04, 00, 09, 00, 01, 00, 00, 00, 00, 00, 00, 00, 00, 00, 
00, 00, 00, 00, 00, 00, 00, 00, 00, 00, 00, 00, 00, 00, 00, 00, 00, 00, 00, 00, 00, 00, 00, 00, 00, 00, 00, 00, 00, 00, 01, 00, 00, 00, 00, 00, 00, 00, 00, 00, 
00, 00, 00, 00, 00, 00, 00, 00, 00, 00, 00, 00, 00, 00, 00, 00, 00, 00, 00, 00, 00, 00, 00, 00, 00, 00, 00, 00, 00, 00, 01, 00, 00, 00, 00, 00, 00, 00, 00, 00, 
00, 00, 00, 00, 00, 00, 00, 00, 00, 00, 00, 00, 00, 00, 00, 00, 00, 00, 00, 00, 00, 00, 00, 00, 00, 00, 00, 00, 00, 00, 01, 00, 00, 00, 00, 00, 00, 00, 00, 00, 
00, 00, 00, 00, 00, 00, 00, 00, 00, 00, 00, 00, 00, 00, 00, 00, 00, 00, 00, 00, 00, 00, 00, 00, 00, 00, 00, 00, 00, 00, 01, 00, 00, 00, 00, 00, 00, 00, 00, 00, 

遺伝子番号：31
読み込まれた遺伝子：1
Blank：0
Queue：0
Heap ：0
クラス1, 5日目, 1時間目の配置
遺伝子番号：31
遺伝子番号：32
遺伝子番号：33
読み込まれた遺伝子：10
Blank：0
Queue：0
Heap ：0
配置する科目：10
時間数：2

07, 00, 02, 00, 08, 00, -1, -1, 08, 00, 03, 00, 00, 00, 05, 00, 13, 00, 11, 00, 12, 00, -1, -1, 06, 00, 04, 00, 09, 00, 01, 00, 10, 00, 00, 00, 00, 00, 00, 00, 
00, 00, 00, 00, 00, 00, 00, 00, 00, 00, 00, 00, 00, 00, 00, 00, 00, 00, 00, 00, 00, 00, 00, 00, 00, 00, 00, 00, 00, 00, 01, 00, 00, 00, 00, 00, 00, 00, 00, 00, 
00, 00, 00, 00, 00, 00, 00, 00, 00, 00, 00, 00, 00, 00, 00, 00, 00, 00, 00, 00, 00, 00, 00, 00, 00, 00, 00, 00, 00, 00, 01, 00, 00, 00, 00, 00, 00, 00, 00, 00, 
00, 00, 00, 00, 00, 00, 00, 00, 00, 00, 00, 00, 00, 00, 00, 00, 00, 00, 00, 00, 00, 00, 00, 00, 00, 00, 00, 00, 00, 00, 01, 00, 00, 00, 00, 00, 00, 00, 00, 00, 
00, 00, 00, 00, 00, 00, 00, 00, 00, 00, 00, 00, 00, 00, 00, 00, 00, 00, 00, 00, 00, 00, 00, 00, 00, 00, 00, 00, 00, 00, 01, 00, 00, 00, 00, 00, 00, 00, 00, 00, 

遺伝子番号：33
読み込まれた遺伝子：10
Blank：0
Queue：0
Heap ：0
クラス1, 5日目, 3時間目の配置
遺伝子番号：33
遺伝子番号：34
読み込まれた遺伝子：15
Blank：0
Queue：0
Heap ：0
配置する科目：15
時間数：2

07, 00, 02, 00, 08, 00, -1, -1, 08, 00, 03, 00, 00, 00, 05, 00, 13, 00, 11, 00, 12, 00, -1, -1, 06, 00, 04, 00, 09, 00, 01, 00, 10, 00, 15, 00, 00, 00, 00, 00, 
00, 00, 00, 00, 00, 00, 00, 00, 00, 00, 00, 00, 00, 00, 00, 00, 00, 00, 00, 00, 00, 00, 00, 00, 00, 00, 00, 00, 00, 00, 01, 00, 00, 00, 00, 00, 00, 00, 00, 00, 
00, 00, 00, 00, 00, 00, 00, 00, 00, 00, 00, 00, 00, 00, 00, 00, 00, 00, 00, 00, 00, 00, 00, 00, 00, 00, 00, 00, 00, 00, 01, 00, 00, 00, 00, 00, 00, 00, 00, 00, 
00, 00, 00, 00, 00, 00, 00, 00, 00, 00, 00, 00, 00, 00, 00, 00, 00, 00, 00, 00, 00, 00, 00, 00, 00, 00, 00, 00, 00, 00, 01, 00, 00, 00, 00, 00, 00, 00, 00, 00, 
00, 00, 00, 00, 00, 00, 00, 00, 00, 00, 00, 00, 00, 00, 00, 00, 00, 00, 00, 00, 00, 00, 00, 00, 00, 00, 00, 00, 00, 00, 01, 00, 00, 00, 00, 00, 00, 00, 00, 00, 

遺伝子番号：34
読み込まれた遺伝子：15
Blank：0
Queue：0
Heap ：0
クラス1, 5日目, 5時間目の配置
遺伝子番号：34
遺伝子番号：35
遺伝子番号：36
読み込まれた遺伝子：14
Blank：0
Queue：0
Heap ：0
配置する科目：14
時間数：2

07, 00, 02, 00, 08, 00, -1, -1, 08, 00, 03, 00, 00, 00, 05, 00, 13, 00, 11, 00, 12, 00, -1, -1, 06, 00, 04, 00, 09, 00, 01, 00, 10, 00, 15, 00, 14, 00, 00, 00, 
00, 00, 00, 00, 00, 00, 00, 00, 00, 00, 00, 00, 00, 00, 00, 00, 00, 00, 00, 00, 00, 00, 00, 00, 00, 00, 00, 00, 00, 00, 01, 00, 00, 00, 00, 00, 00, 00, 00, 00, 
00, 00, 00, 00, 00, 00, 00, 00, 00, 00, 00, 00, 00, 00, 00, 00, 00, 00, 00, 00, 00, 00, 00, 00, 00, 00, 00, 00, 00, 00, 01, 00, 00, 00, 00, 00, 00, 00, 00, 00, 
00, 00, 00, 00, 00, 00, 00, 00, 00, 00, 00, 00, 00, 00, 00, 00, 00, 00, 00, 00, 00, 00, 00, 00, 00, 00, 00, 00, 00, 00, 01, 00, 00, 00, 00, 00, 00, 00, 00, 00, 
00, 00, 00, 00, 00, 00, 00, 00, 00, 00, 00, 00, 00, 00, 00, 00, 00, 00, 00, 00, 00, 00, 00, 00, 00, 00, 00, 00, 00, 00, 01, 00, 00, 00, 00, 00, 00, 00, 00, 00, 

遺伝子番号：36
読み込まれた遺伝子：14
Blank：0
Queue：0
Heap ：0
クラス1, 5日目, 7時間目の配置
遺伝子番号：36
遺伝子番号：37
遺伝子番号：38
遺伝子番号：39
遺伝子番号：40
遺伝子番号：41
読み込まれた遺伝子：-1
Blank：0
Queue：0
Heap ：0
07, 00, 02, 00, 08, 00, -1, -1, 08, 00, 03, 00, 00, 00, 05, 00, 13, 00, 11, 00, 12, 00, -1, -1, 06, 00, 04, 00, 09, 00, 01, 00, 10, 00, 15, 00, 14, 00, -1, -1, 
00, 00, 00, 00, 00, 00, 00, 00, 00, 00, 00, 00, 00, 00, 00, 00, 00, 00, 00, 00, 00, 00, 00, 00, 00, 00, 00, 00, 00, 00, 01, 00, 00, 00, 00, 00, 00, 00, 00, 00, 
00, 00, 00, 00, 00, 00, 00, 00, 00, 00, 00, 00, 00, 00, 00, 00, 00, 00, 00, 00, 00, 00, 00, 00, 00, 00, 00, 00, 00, 00, 01, 00, 00, 00, 00, 00, 00, 00, 00, 00, 
00, 00, 00, 00, 00, 00, 00, 00, 00, 00, 00, 00, 00, 00, 00, 00, 00, 00, 00, 00, 00, 00, 00, 00, 00, 00, 00, 00, 00, 00, 01, 00, 00, 00, 00, 00, 00, 00, 00, 00, 
00, 00, 00, 00, 00, 00, 00, 00, 00, 00, 00, 00, 00, 00, 00, 00, 00, 00, 00, 00, 00, 00, 00, 00, 00, 00, 00, 00, 00, 00, 01, 00, 00, 00, 00, 00, 00, 00, 00, 00, 

遺伝子番号：42
読み込まれた遺伝子：-1
Blank：0
Queue：0
Heap ：0
クラス2, 1日目, 1時間目の配置
遺伝子番号：42
遺伝子番号：43
読み込まれた遺伝子：1
Blank：0
Queue：0
Heap ：0
配置する科目：1
時間数：2

07, 00, 02, 00, 08, 00, -1, -1, 08, 00, 03, 00, 00, 00, 05, 00, 13, 00, 11, 00, 12, 00, -1, -1, 06, 00, 04, 00, 09, 00, 01, 00, 10, 00, 15, 00, 14, 00, -1, -1, 
01, 00, 00, 00, 00, 00, 00, 00, 00, 00, 00, 00, 00, 00, 00, 00, 00, 00, 00, 00, 00, 00, 00, 00, 00, 00, 00, 00, 00, 00, 01, 00, 00, 00, 00, 00, 00, 00, 00, 00, 
01, 00, 00, 00, 00, 00, 00, 00, 00, 00, 00, 00, 00, 00, 00, 00, 00, 00, 00, 00, 00, 00, 00, 00, 00, 00, 00, 00, 00, 00, 01, 00, 00, 00, 00, 00, 00, 00, 00, 00, 
01, 00, 00, 00, 00, 00, 00, 00, 00, 00, 00, 00, 00, 00, 00, 00, 00, 00, 00, 00, 00, 00, 00, 00, 00, 00, 00, 00, 00, 00, 01, 00, 00, 00, 00, 00, 00, 00, 00, 00, 
01, 00, 00, 00, 00, 00, 00, 00, 00, 00, 00, 00, 00, 00, 00, 00, 00, 00, 00, 00, 00, 00, 00, 00, 00, 00, 00, 00, 00, 00, 01, 00, 00, 00, 00, 00, 00, 00, 00, 00, 

遺伝子番号：43
読み込まれた遺伝子：1
Blank：0
Queue：0
Heap ：0
クラス2, 1日目, 3時間目の配置
遺伝子番号：43
遺伝子番号：44
読み込まれた遺伝子：17
Blank：0
Queue：0
Heap ：0
配置する科目：17
時間数：2

07, 00, 02, 00, 08, 00, -1, -1, 08, 00, 03, 00, 00, 00, 05, 00, 13, 00, 11, 00, 12, 00, -1, -1, 06, 00, 04, 00, 09, 00, 01, 00, 10, 00, 15, 00, 14, 00, -1, -1, 
01, 00, 17, 00, 00, 00, 00, 00, 00, 00, 00, 00, 00, 00, 00, 00, 00, 00, 00, 00, 00, 00, 00, 00, 00, 00, 00, 00, 00, 00, 01, 00, 00, 00, 00, 00, 00, 00, 00, 00, 
01, 00, 00, 00, 00, 00, 00, 00, 00, 00, 00, 00, 00, 00, 00, 00, 00, 00, 00, 00, 00, 00, 00, 00, 00, 00, 00, 00, 00, 00, 01, 00, 00, 00, 00, 00, 00, 00, 00, 00, 
01, 00, 00, 00, 00, 00, 00, 00, 00, 00, 00, 00, 00, 00, 00, 00, 00, 00, 00, 00, 00, 00, 00, 00, 00, 00, 00, 00, 00, 00, 01, 00, 00, 00, 00, 00, 00, 00, 00, 00, 
01, 00, 00, 00, 00, 00, 00, 00, 00, 00, 00, 00, 00, 00, 00, 00, 00, 00, 00, 00, 00, 00, 00, 00, 00, 00, 00, 00, 00, 00, 01, 00, 00, 00, 00, 00, 00, 00, 00, 00, 

遺伝子番号：44
読み込まれた遺伝子：17
Blank：0
Queue：0
Heap ：0
クラス2, 1日目, 5時間目の配置
遺伝子番号：44
遺伝子番号：45
遺伝子番号：46
読み込まれた遺伝子：22
Blank：0
Queue：0
Heap ：0
配置する科目：22
時間数：2

07, 00, 02, 00, 08, 00, -1, -1, 08, 00, 03, 00, 00, 00, 05, 00, 13, 00, 11, 00, 12, 00, -1, -1, 06, 00, 04, 00, 09, 00, 01, 00, 10, 00, 15, 00, 14, 00, -1, -1, 
01, 00, 17, 00, 22, 00, 00, 00, 00, 00, 00, 00, 00, 00, 00, 00, 00, 00, 00, 00, 00, 00, 00, 00, 00, 00, 00, 00, 00, 00, 01, 00, 00, 00, 00, 00, 00, 00, 00, 00, 
01, 00, 00, 00, 00, 00, 00, 00, 00, 00, 00, 00, 00, 00, 00, 00, 00, 00, 00, 00, 00, 00, 00, 00, 00, 00, 00, 00, 00, 00, 01, 00, 00, 00, 00, 00, 00, 00, 00, 00, 
01, 00, 00, 00, 00, 00, 00, 00, 00, 00, 00, 00, 00, 00, 00, 00, 00, 00, 00, 00, 00, 00, 00, 00, 00, 00, 00, 00, 00, 00, 01, 00, 00, 00, 00, 00, 00, 00, 00, 00, 
01, 00, 00, 00, 00, 00, 00, 00, 00, 00, 00, 00, 00, 00, 00, 00, 00, 00, 00, 00, 00, 00, 00, 00, 00, 00, 00, 00, 00, 00, 01, 00, 00, 00, 00, 00, 00, 00, 00, 00, 

遺伝子番号：46
読み込まれた遺伝子：22
Blank：0
Queue：0
Heap ：0
クラス2, 1日目, 7時間目の配置
遺伝子番号：46
遺伝子番号：47
遺伝子番号：48
読み込まれた遺伝子：23
Blank：0
Queue：0
Heap ：0
配置する科目：23
時間数：2

07, 00, 02, 00, 08, 00, -1, -1, 08, 00, 03, 00, 00, 00, 05, 00, 13, 00, 11, 00, 12, 00, -1, -1, 06, 00, 04, 00, 09, 00, 01, 00, 10, 00, 15, 00, 14, 00, -1, -1, 
01, 00, 17, 00, 22, 00, 23, 00, 00, 00, 00, 00, 00, 00, 00, 00, 00, 00, 00, 00, 00, 00, 00, 00, 00, 00, 00, 00, 00, 00, 01, 00, 00, 00, 00, 00, 00, 00, 00, 00, 
01, 00, 00, 00, 00, 00, 00, 00, 00, 00, 00, 00, 00, 00, 00, 00, 00, 00, 00, 00, 00, 00, 00, 00, 00, 00, 00, 00, 00, 00, 01, 00, 00, 00, 00, 00, 00, 00, 00, 00, 
01, 00, 00, 00, 00, 00, 00, 00, 00, 00, 00, 00, 00, 00, 00, 00, 00, 00, 00, 00, 00, 00, 00, 00, 00, 00, 00, 00, 00, 00, 01, 00, 00, 00, 00, 00, 00, 00, 00, 00, 
01, 00, 00, 00, 00, 00, 00, 00, 00, 00, 00, 00, 00, 00, 00, 00, 00, 00, 00, 00, 00, 00, 00, 00, 00, 00, 00, 00, 00, 00, 01, 00, 00, 00, 00, 00, 00, 00, 00, 00, 

遺伝子番号：48
読み込まれた遺伝子：23
Blank：0
Queue：0
Heap ：0
クラス2, 2日目, 1時間目の配置
遺伝子番号：48
遺伝子番号：49
読み込まれた遺伝子：-1
Blank：0
Queue：0
Heap ：0
07, 00, 02, 00, 08, 00, -1, -1, 08, 00, 03, 00, 00, 00, 05, 00, 13, 00, 11, 00, 12, 00, -1, -1, 06, 00, 04, 00, 09, 00, 01, 00, 10, 00, 15, 00, 14, 00, -1, -1, 
01, 00, 17, 00, 22, 00, 23, 00, 00, 00, 00, 00, 00, 00, 00, 00, 00, 00, 00, 00, 00, 00, 00, 00, 00, 00, 00, 00, 00, 00, 01, 00, 00, 00, 00, 00, 00, 00, 00, 00, 
01, 00, 00, 00, 00, 00, 00, 00, 00, 00, 00, 00, 00, 00, 00, 00, 00, 00, 00, 00, 00, 00, 00, 00, 00, 00, 00, 00, 00, 00, 01, 00, 00, 00, 00, 00, 00, 00, 00, 00, 
01, 00, 00, 00, 00, 00, 00, 00, 00, 00, 00, 00, 00, 00, 00, 00, 00, 00, 00, 00, 00, 00, 00, 00, 00, 00, 00, 00, 00, 00, 01, 00, 00, 00, 00, 00, 00, 00, 00, 00, 
01, 00, 00, 00, 00, 00, 00, 00, 00, 00, 00, 00, 00, 00, 00, 00, 00, 00, 00, 00, 00, 00, 00, 00, 00, 00, 00, 00, 00, 00, 01, 00, 00, 00, 00, 00, 00, 00, 00, 00, 

遺伝子番号：49
読み込まれた遺伝子：-1
Blank：1
Queue：0
Heap ：0
クラス2, 2日目, 1時間目の配置
遺伝子番号：49
遺伝子番号：50
遺伝子番号：51
遺伝子番号：52
遺伝子番号：53
読み込まれた遺伝子：-1
Blank：1
Queue：0
Heap ：0
07, 00, 02, 00, 08, 00, -1, -1, 08, 00, 03, 00, 00, 00, 05, 00, 13, 00, 11, 00, 12, 00, -1, -1, 06, 00, 04, 00, 09, 00, 01, 00, 10, 00, 15, 00, 14, 00, -1, -1, 
01, 00, 17, 00, 22, 00, 23, 00, 00, 00, 00, 00, 00, 00, 00, 00, 00, 00, 00, 00, 00, 00, 00, 00, 00, 00, 00, 00, 00, 00, 01, 00, 00, 00, 00, 00, 00, 00, 00, 00, 
01, 00, 00, 00, 00, 00, 00, 00, 00, 00, 00, 00, 00, 00, 00, 00, 00, 00, 00, 00, 00, 00, 00, 00, 00, 00, 00, 00, 00, 00, 01, 00, 00, 00, 00, 00, 00, 00, 00, 00, 
01, 00, 00, 00, 00, 00, 00, 00, 00, 00, 00, 00, 00, 00, 00, 00, 00, 00, 00, 00, 00, 00, 00, 00, 00, 00, 00, 00, 00, 00, 01, 00, 00, 00, 00, 00, 00, 00, 00, 00, 
01, 00, 00, 00, 00, 00, 00, 00, 00, 00, 00, 00, 00, 00, 00, 00, 00, 00, 00, 00, 00, 00, 00, 00, 00, 00, 00, 00, 00, 00, 01, 00, 00, 00, 00, 00, 00, 00, 00, 00, 

遺伝子番号：53
読み込まれた遺伝子：-1
Blank：2
Queue：0
Heap ：0
クラス2, 2日目, 1時間目の配置
遺伝子番号：53
遺伝子番号：54
遺伝子番号：55
遺伝子番号：56
読み込まれた遺伝子：20
Blank：2
Queue：0
Heap ：0
配置する科目：20
時間数：2

07, 00, 02, 00, 08, 00, -1, -1, 08, 00, 03, 00, 00, 00, 05, 00, 13, 00, 11, 00, 12, 00, -1, -1, 06, 00, 04, 00, 09, 00, 01, 00, 10, 00, 15, 00, 14, 00, -1, -1, 
01, 00, 17, 00, 22, 00, 23, 00, 20, 00, 00, 00, 00, 00, 00, 00, 00, 00, 00, 00, 00, 00, 00, 00, 00, 00, 00, 00, 00, 00, 01, 00, 00, 00, 00, 00, 00, 00, 00, 00, 
01, 00, 00, 00, 00, 00, 00, 00, 00, 00, 00, 00, 00, 00, 00, 00, 00, 00, 00, 00, 00, 00, 00, 00, 00, 00, 00, 00, 00, 00, 01, 00, 00, 00, 00, 00, 00, 00, 00, 00, 
01, 00, 00, 00, 00, 00, 00, 00, 00, 00, 00, 00, 00, 00, 00, 00, 00, 00, 00, 00, 00, 00, 00, 00, 00, 00, 00, 00, 00, 00, 01, 00, 00, 00, 00, 00, 00, 00, 00, 00, 
01, 00, 00, 00, 00, 00, 00, 00, 00, 00, 00, 00, 00, 00, 00, 00, 00, 00, 00, 00, 00, 00, 00, 00, 00, 00, 00, 00, 00, 00, 01, 00, 00, 00, 00, 00, 00, 00, 00, 00, 

遺伝子番号：56
読み込まれた遺伝子：20
Blank：2
Queue：0
Heap ：0
クラス2, 2日目, 3時間目の配置
遺伝子番号：56
遺伝子番号：57
遺伝子番号：58
読み込まれた遺伝子：21
Blank：2
Queue：0
Heap ：0
配置する科目：21
時間数：2

07, 00, 02, 00, 08, 00, -1, -1, 08, 00, 03, 00, 00, 00, 05, 00, 13, 00, 11, 00, 12, 00, -1, -1, 06, 00, 04, 00, 09, 00, 01, 00, 10, 00, 15, 00, 14, 00, -1, -1, 
01, 00, 17, 00, 22, 00, 23, 00, 20, 00, 21, 00, 00, 00, 00, 00, 00, 00, 00, 00, 00, 00, 00, 00, 00, 00, 00, 00, 00, 00, 01, 00, 00, 00, 00, 00, 00, 00, 00, 00, 
01, 00, 00, 00, 00, 00, 00, 00, 00, 00, 00, 00, 00, 00, 00, 00, 00, 00, 00, 00, 00, 00, 00, 00, 00, 00, 00, 00, 00, 00, 01, 00, 00, 00, 00, 00, 00, 00, 00, 00, 
01, 00, 00, 00, 00, 00, 00, 00, 00, 00, 00, 00, 00, 00, 00, 00, 00, 00, 00, 00, 00, 00, 00, 00, 00, 00, 00, 00, 00, 00, 01, 00, 00, 00, 00, 00, 00, 00, 00, 00, 
01, 00, 00, 00, 00, 00, 00, 00, 00, 00, 00, 00, 00, 00, 00, 00, 00, 00, 00, 00, 00, 00, 00, 00, 00, 00, 00, 00, 00, 00, 01, 00, 00, 00, 00, 00, 00, 00, 00, 00, 

遺伝子番号：58
読み込まれた遺伝子：21
Blank：2
Queue：0
Heap ：0
クラス2, 2日目, 5時間目の配置
遺伝子番号：58
遺伝子番号：59
読み込まれた遺伝子：26
Blank：2
Queue：0
Heap ：0
配置する科目：26
時間数：2

07, 00, 02, 00, 08, 00, -1, -1, 08, 00, 03, 00, 00, 00, 05, 00, 13, 00, 11, 00, 12, 00, -1, -1, 06, 00, 04, 00, 09, 00, 01, 00, 10, 00, 15, 00, 14, 00, -1, -1, 
01, 00, 17, 00, 22, 00, 23, 00, 20, 00, 21, 00, 26, 00, 00, 00, 00, 00, 00, 00, 00, 00, 00, 00, 00, 00, 00, 00, 00, 00, 01, 00, 00, 00, 00, 00, 00, 00, 00, 00, 
01, 00, 00, 00, 00, 00, 00, 00, 00, 00, 00, 00, 00, 00, 00, 00, 00, 00, 00, 00, 00, 00, 00, 00, 00, 00, 00, 00, 00, 00, 01, 00, 00, 00, 00, 00, 00, 00, 00, 00, 
01, 00, 00, 00, 00, 00, 00, 00, 00, 00, 00, 00, 00, 00, 00, 00, 00, 00, 00, 00, 00, 00, 00, 00, 00, 00, 00, 00, 00, 00, 01, 00, 00, 00, 00, 00, 00, 00, 00, 00, 
01, 00, 00, 00, 00, 00, 00, 00, 00, 00, 00, 00, 00, 00, 00, 00, 00, 00, 00, 00, 00, 00, 00, 00, 00, 00, 00, 00, 00, 00, 01, 00, 00, 00, 00, 00, 00, 00, 00, 00, 

遺伝子番号：59
読み込まれた遺伝子：26
Blank：2
Queue：0
Heap ：0
クラス2, 2日目, 7時間目の配置
遺伝子番号：60
読み込まれた遺伝子：26
Blank：1
Queue：0
Heap ：0
配置する科目：26
時間数：2

07, 00, 02, 00, 08, 00, -1, -1, 08, 00, 03, 00, 00, 00, 05, 00, 13, 00, 11, 00, 12, 00, -1, -1, 06, 00, 04, 00, 09, 00, 01, 00, 10, 00, 15, 00, 14, 00, -1, -1, 
01, 00, 17, 00, 22, 00, 23, 00, 20, 00, 21, 00, 26, 00, -1, -1, 00, 00, 00, 00, 00, 00, 00, 00, 00, 00, 00, 00, 00, 00, 01, 00, 00, 00, 00, 00, 00, 00, 00, 00, 
01, 00, 00, 00, 00, 00, 00, 00, 00, 00, 00, 00, 00, 00, 00, 00, 00, 00, 00, 00, 00, 00, 00, 00, 00, 00, 00, 00, 00, 00, 01, 00, 00, 00, 00, 00, 00, 00, 00, 00, 
01, 00, 00, 00, 00, 00, 00, 00, 00, 00, 00, 00, 00, 00, 00, 00, 00, 00, 00, 00, 00, 00, 00, 00, 00, 00, 00, 00, 00, 00, 01, 00, 00, 00, 00, 00, 00, 00, 00, 00, 
01, 00, 00, 00, 00, 00, 00, 00, 00, 00, 00, 00, 00, 00, 00, 00, 00, 00, 00, 00, 00, 00, 00, 00, 00, 00, 00, 00, 00, 00, 01, 00, 00, 00, 00, 00, 00, 00, 00, 00, 

遺伝子番号：60
読み込まれた遺伝子：26
Blank：1
Queue：1
Heap ：0
クラス2, 3日目, 1時間目の配置
遺伝子番号：60
Limit：83
ヒープから取り出された遺伝子：26
遺伝子番号：60
読み込まれた遺伝子：26
Blank：1
Queue：0
Heap ：0
配置する科目：26
時間数：2

07, 00, 02, 00, 08, 00, -1, -1, 08, 00, 03, 00, 00, 00, 05, 00, 13, 00, 11, 00, 12, 00, -1, -1, 06, 00, 04, 00, 09, 00, 01, 00, 10, 00, 15, 00, 14, 00, -1, -1, 
01, 00, 17, 00, 22, 00, 23, 00, 20, 00, 21, 00, 26, 00, -1, -1, 26, 00, 00, 00, 00, 00, 00, 00, 00, 00, 00, 00, 00, 00, 01, 00, 00, 00, 00, 00, 00, 00, 00, 00, 
01, 00, 00, 00, 00, 00, 00, 00, 00, 00, 00, 00, 00, 00, 00, 00, 00, 00, 00, 00, 00, 00, 00, 00, 00, 00, 00, 00, 00, 00, 01, 00, 00, 00, 00, 00, 00, 00, 00, 00, 
01, 00, 00, 00, 00, 00, 00, 00, 00, 00, 00, 00, 00, 00, 00, 00, 00, 00, 00, 00, 00, 00, 00, 00, 00, 00, 00, 00, 00, 00, 01, 00, 00, 00, 00, 00, 00, 00, 00, 00, 
01, 00, 00, 00, 00, 00, 00, 00, 00, 00, 00, 00, 00, 00, 00, 00, 00, 00, 00, 00, 00, 00, 00, 00, 00, 00, 00, 00, 00, 00, 01, 00, 00, 00, 00, 00, 00, 00, 00, 00, 

遺伝子番号：60
読み込まれた遺伝子：26
Blank：1
Queue：0
Heap ：0
クラス2, 3日目, 3時間目の配置
遺伝子番号：60
遺伝子番号：61
遺伝子番号：62
読み込まれた遺伝子：16
Blank：1
Queue：0
Heap ：0
配置する科目：16
時間数：2

07, 00, 02, 00, 08, 00, -1, -1, 08, 00, 03, 00, 00, 00, 05, 00, 13, 00, 11, 00, 12, 00, -1, -1, 06, 00, 04, 00, 09, 00, 01, 00, 10, 00, 15, 00, 14, 00, -1, -1, 
01, 00, 17, 00, 22, 00, 23, 00, 20, 00, 21, 00, 26, 00, -1, -1, 26, 00, 16, 00, 00, 00, 00, 00, 00, 00, 00, 00, 00, 00, 01, 00, 00, 00, 00, 00, 00, 00, 00, 00, 
01, 00, 00, 00, 00, 00, 00, 00, 00, 00, 00, 00, 00, 00, 00, 00, 00, 00, 00, 00, 00, 00, 00, 00, 00, 00, 00, 00, 00, 00, 01, 00, 00, 00, 00, 00, 00, 00, 00, 00, 
01, 00, 00, 00, 00, 00, 00, 00, 00, 00, 00, 00, 00, 00, 00, 00, 00, 00, 00, 00, 00, 00, 00, 00, 00, 00, 00, 00, 00, 00, 01, 00, 00, 00, 00, 00, 00, 00, 00, 00, 
01, 00, 00, 00, 00, 00, 00, 00, 00, 00, 00, 00, 00, 00, 00, 00, 00, 00, 00, 00, 00, 00, 00, 00, 00, 00, 00, 00, 00, 00, 01, 00, 00, 00, 00, 00, 00, 00, 00, 00, 

遺伝子番号：62
読み込まれた遺伝子：16
Blank：1
Queue：0
Heap ：0
クラス2, 3日目, 5時間目の配置
遺伝子番号：62
遺伝子番号：63
遺伝子番号：64
読み込まれた遺伝子：24
Blank：1
Queue：0
Heap ：0
配置する科目：24
時間数：4

07, 00, 02, 00, 08, 00, -1, -1, 08, 00, 03, 00, 00, 00, 05, 00, 13, 00, 11, 00, 12, 00, -1, -1, 06, 00, 04, 00, 09, 00, 01, 00, 10, 00, 15, 00, 14, 00, -1, -1, 
01, 00, 17, 00, 22, 00, 23, 00, 20, 00, 21, 00, 26, 00, -1, -1, 26, 00, 16, 00, 24, 00, 00, 00, 00, 00, 00, 00, 00, 00, 01, 00, 00, 00, 00, 00, 00, 00, 00, 00, 
01, 00, 00, 00, 00, 00, 00, 00, 00, 00, 00, 00, 00, 00, 00, 00, 00, 00, 00, 00, 00, 00, 00, 00, 00, 00, 00, 00, 00, 00, 01, 00, 00, 00, 00, 00, 00, 00, 00, 00, 
01, 00, 00, 00, 00, 00, 00, 00, 00, 00, 00, 00, 00, 00, 00, 00, 00, 00, 00, 00, 00, 00, 00, 00, 00, 00, 00, 00, 00, 00, 01, 00, 00, 00, 00, 00, 00, 00, 00, 00, 
01, 00, 00, 00, 00, 00, 00, 00, 00, 00, 00, 00, 00, 00, 00, 00, 00, 00, 00, 00, 00, 00, 00, 00, 00, 00, 00, 00, 00, 00, 01, 00, 00, 00, 00, 00, 00, 00, 00, 00, 

遺伝子番号：64
読み込まれた遺伝子：24
Blank：1
Queue：0
Heap ：0
クラス2, 4日目, 1時間目の配置
遺伝子番号：64
遺伝子番号：65
読み込まれた遺伝子：27
Blank：1
Queue：0
Heap ：0
配置する科目：27
時間数：2

07, 00, 02, 00, 08, 00, -1, -1, 08, 00, 03, 00, 00, 00, 05, 00, 13, 00, 11, 00, 12, 00, -1, -1, 06, 00, 04, 00, 09, 00, 01, 00, 10, 00, 15, 00, 14, 00, -1, -1, 
01, 00, 17, 00, 22, 00, 23, 00, 20, 00, 21, 00, 26, 00, -1, -1, 26, 00, 16, 00, 24, 00, 00, 00, 27, 00, 00, 00, 00, 00, 01, 00, 00, 00, 00, 00, 00, 00, 00, 00, 
01, 00, 00, 00, 00, 00, 00, 00, 00, 00, 00, 00, 00, 00, 00, 00, 00, 00, 00, 00, 00, 00, 00, 00, 00, 00, 00, 00, 00, 00, 01, 00, 00, 00, 00, 00, 00, 00, 00, 00, 
01, 00, 00, 00, 00, 00, 00, 00, 00, 00, 00, 00, 00, 00, 00, 00, 00, 00, 00, 00, 00, 00, 00, 00, 00, 00, 00, 00, 00, 00, 01, 00, 00, 00, 00, 00, 00, 00, 00, 00, 
01, 00, 00, 00, 00, 00, 00, 00, 00, 00, 00, 00, 00, 00, 00, 00, 00, 00, 00, 00, 00, 00, 00, 00, 00, 00, 00, 00, 00, 00, 01, 00, 00, 00, 00, 00, 00, 00, 00, 00, 

遺伝子番号：65
読み込まれた遺伝子：27
Blank：1
Queue：0
Heap ：0
クラス2, 4日目, 3時間目の配置
遺伝子番号：65
遺伝子番号：66
遺伝子番号：67
遺伝子番号：68
読み込まれた遺伝子：29
Blank：1
Queue：0
Heap ：0
配置する科目：29
時間数：2

07, 00, 02, 00, 08, 00, -1, -1, 08, 00, 03, 00, 00, 00, 05, 00, 13, 00, 11, 00, 12, 00, -1, -1, 06, 00, 04, 00, 09, 00, 01, 00, 10, 00, 15, 00, 14, 00, -1, -1, 
01, 00, 17, 00, 22, 00, 23, 00, 20, 00, 21, 00, 26, 00, -1, -1, 26, 00, 16, 00, 24, 00, 00, 00, 27, 00, 29, 00, 00, 00, 01, 00, 00, 00, 00, 00, 00, 00, 00, 00, 
01, 00, 00, 00, 00, 00, 00, 00, 00, 00, 00, 00, 00, 00, 00, 00, 00, 00, 00, 00, 00, 00, 00, 00, 00, 00, 00, 00, 00, 00, 01, 00, 00, 00, 00, 00, 00, 00, 00, 00, 
01, 00, 00, 00, 00, 00, 00, 00, 00, 00, 00, 00, 00, 00, 00, 00, 00, 00, 00, 00, 00, 00, 00, 00, 00, 00, 00, 00, 00, 00, 01, 00, 00, 00, 00, 00, 00, 00, 00, 00, 
01, 00, 00, 00, 00, 00, 00, 00, 00, 00, 00, 00, 00, 00, 00, 00, 00, 00, 00, 00, 00, 00, 00, 00, 00, 00, 00, 00, 00, 00, 01, 00, 00, 00, 00, 00, 00, 00, 00, 00, 

遺伝子番号：68
読み込まれた遺伝子：29
Blank：1
Queue：0
Heap ：0
クラス2, 4日目, 5時間目の配置
遺伝子番号：68
遺伝子番号：69
遺伝子番号：70
読み込まれた遺伝子：28
Blank：1
Queue：0
Heap ：0
配置する科目：28
時間数：2

07, 00, 02, 00, 08, 00, -1, -1, 08, 00, 03, 00, 00, 00, 05, 00, 13, 00, 11, 00, 12, 00, -1, -1, 06, 00, 04, 00, 09, 00, 01, 00, 10, 00, 15, 00, 14, 00, -1, -1, 
01, 00, 17, 00, 22, 00, 23, 00, 20, 00, 21, 00, 26, 00, -1, -1, 26, 00, 16, 00, 24, 00, 00, 00, 27, 00, 29, 00, 28, 00, 01, 00, 00, 00, 00, 00, 00, 00, 00, 00, 
01, 00, 00, 00, 00, 00, 00, 00, 00, 00, 00, 00, 00, 00, 00, 00, 00, 00, 00, 00, 00, 00, 00, 00, 00, 00, 00, 00, 00, 00, 01, 00, 00, 00, 00, 00, 00, 00, 00, 00, 
01, 00, 00, 00, 00, 00, 00, 00, 00, 00, 00, 00, 00, 00, 00, 00, 00, 00, 00, 00, 00, 00, 00, 00, 00, 00, 00, 00, 00, 00, 01, 00, 00, 00, 00, 00, 00, 00, 00, 00, 
01, 00, 00, 00, 00, 00, 00, 00, 00, 00, 00, 00, 00, 00, 00, 00, 00, 00, 00, 00, 00, 00, 00, 00, 00, 00, 00, 00, 00, 00, 01, 00, 00, 00, 00, 00, 00, 00, 00, 00, 

遺伝子番号：70
読み込まれた遺伝子：28
Blank：1
Queue：0
Heap ：0
クラス2, 4日目, 7時間目の配置
07, 00, 02, 00, 08, 00, -1, -1, 08, 00, 03, 00, 00, 00, 05, 00, 13, 00, 11, 00, 12, 00, -1, -1, 06, 00, 04, 00, 09, 00, 01, 00, 10, 00, 15, 00, 14, 00, -1, -1, 
01, 00, 17, 00, 22, 00, 23, 00, 20, 00, 21, 00, 26, 00, -1, -1, 26, 00, 16, 00, 24, 00, 00, 00, 27, 00, 29, 00, 28, 00, 01, 00, 00, 00, 00, 00, 00, 00, 00, 00, 
01, 00, 00, 00, 00, 00, 00, 00, 00, 00, 00, 00, 00, 00, 00, 00, 00, 00, 00, 00, 00, 00, 00, 00, 00, 00, 00, 00, 00, 00, 01, 00, 00, 00, 00, 00, 00, 00, 00, 00, 
01, 00, 00, 00, 00, 00, 00, 00, 00, 00, 00, 00, 00, 00, 00, 00, 00, 00, 00, 00, 00, 00, 00, 00, 00, 00, 00, 00, 00, 00, 01, 00, 00, 00, 00, 00, 00, 00, 00, 00, 
01, 00, 00, 00, 00, 00, 00, 00, 00, 00, 00, 00, 00, 00, 00, 00, 00, 00, 00, 00, 00, 00, 00, 00, 00, 00, 00, 00, 00, 00, 01, 00, 00, 00, 00, 00, 00, 00, 00, 00, 

遺伝子番号：70
読み込まれた遺伝子：28
Blank：1
Queue：0
Heap ：0
クラス2, 5日目, 1時間目の配置
遺伝子番号：70
遺伝子番号：71
読み込まれた遺伝子：25
Blank：1
Queue：0
Heap ：0
配置する科目：25
時間数：2

07, 00, 02, 00, 08, 00, -1, -1, 08, 00, 03, 00, 00, 00, 05, 00, 13, 00, 11, 00, 12, 00, -1, -1, 06, 00, 04, 00, 09, 00, 01, 00, 10, 00, 15, 00, 14, 00, -1, -1, 
01, 00, 17, 00, 22, 00, 23, 00, 20, 00, 21, 00, 26, 00, -1, -1, 26, 00, 16, 00, 24, 00, 00, 00, 27, 00, 29, 00, 28, 00, 01, 00, 25, 00, 00, 00, 00, 00, 00, 00, 
01, 00, 00, 00, 00, 00, 00, 00, 00, 00, 00, 00, 00, 00, 00, 00, 00, 00, 00, 00, 00, 00, 00, 00, 00, 00, 00, 00, 00, 00, 01, 00, 00, 00, 00, 00, 00, 00, 00, 00, 
01, 00, 00, 00, 00, 00, 00, 00, 00, 00, 00, 00, 00, 00, 00, 00, 00, 00, 00, 00, 00, 00, 00, 00, 00, 00, 00, 00, 00, 00, 01, 00, 00, 00, 00, 00, 00, 00, 00, 00, 
01, 00, 00, 00, 00, 00, 00, 00, 00, 00, 00, 00, 00, 00, 00, 00, 00, 00, 00, 00, 00, 00, 00, 00, 00, 00, 00, 00, 00, 00, 01, 00, 00, 00, 00, 00, 00, 00, 00, 00, 

遺伝子番号：71
読み込まれた遺伝子：25
Blank：1
Queue：0
Heap ：0
クラス2, 5日目, 3時間目の配置
遺伝子番号：71
遺伝子番号：72
遺伝子番号：73
読み込まれた遺伝子：-1
Blank：1
Queue：0
Heap ：0
07, 00, 02, 00, 08, 00, -1, -1, 08, 00, 03, 00, 00, 00, 05, 00, 13, 00, 11, 00, 12, 00, -1, -1, 06, 00, 04, 00, 09, 00, 01, 00, 10, 00, 15, 00, 14, 00, -1, -1, 
01, 00, 17, 00, 22, 00, 23, 00, 20, 00, 21, 00, 26, 00, -1, -1, 26, 00, 16, 00, 24, 00, 00, 00, 27, 00, 29, 00, 28, 00, 01, 00, 25, 00, 00, 00, 00, 00, 00, 00, 
01, 00, 00, 00, 00, 00, 00, 00, 00, 00, 00, 00, 00, 00, 00, 00, 00, 00, 00, 00, 00, 00, 00, 00, 00, 00, 00, 00, 00, 00, 01, 00, 00, 00, 00, 00, 00, 00, 00, 00, 
01, 00, 00, 00, 00, 00, 00, 00, 00, 00, 00, 00, 00, 00, 00, 00, 00, 00, 00, 00, 00, 00, 00, 00, 00, 00, 00, 00, 00, 00, 01, 00, 00, 00, 00, 00, 00, 00, 00, 00, 
01, 00, 00, 00, 00, 00, 00, 00, 00, 00, 00, 00, 00, 00, 00, 00, 00, 00, 00, 00, 00, 00, 00, 00, 00, 00, 00, 00, 00, 00, 01, 00, 00, 00, 00, 00, 00, 00, 00, 00, 

遺伝子番号：73
読み込まれた遺伝子：-1
Blank：2
Queue：0
Heap ：0
クラス2, 5日目, 3時間目の配置
遺伝子番号：73
遺伝子番号：74
読み込まれた遺伝子：19
Blank：2
Queue：0
Heap ：0
配置する科目：19
時間数：2

07, 00, 02, 00, 08, 00, -1, -1, 08, 00, 03, 00, 00, 00, 05, 00, 13, 00, 11, 00, 12, 00, -1, -1, 06, 00, 04, 00, 09, 00, 01, 00, 10, 00, 15, 00, 14, 00, -1, -1, 
01, 00, 17, 00, 22, 00, 23, 00, 20, 00, 21, 00, 26, 00, -1, -1, 26, 00, 16, 00, 24, 00, 00, 00, 27, 00, 29, 00, 28, 00, 01, 00, 25, 00, 19, 00, 00, 00, 00, 00, 
01, 00, 00, 00, 00, 00, 00, 00, 00, 00, 00, 00, 00, 00, 00, 00, 00, 00, 00, 00, 00, 00, 00, 00, 00, 00, 00, 00, 00, 00, 01, 00, 00, 00, 00, 00, 00, 00, 00, 00, 
01, 00, 00, 00, 00, 00, 00, 00, 00, 00, 00, 00, 00, 00, 00, 00, 00, 00, 00, 00, 00, 00, 00, 00, 00, 00, 00, 00, 00, 00, 01, 00, 00, 00, 00, 00, 00, 00, 00, 00, 
01, 00, 00, 00, 00, 00, 00, 00, 00, 00, 00, 00, 00, 00, 00, 00, 00, 00, 00, 00, 00, 00, 00, 00, 00, 00, 00, 00, 00, 00, 01, 00, 00, 00, 00, 00, 00, 00, 00, 00, 

遺伝子番号：74
読み込まれた遺伝子：19
Blank：2
Queue：0
Heap ：0
クラス2, 5日目, 5時間目の配置
遺伝子番号：74
遺伝子番号：75
遺伝子番号：76
読み込まれた遺伝子：-1
Blank：2
Queue：0
Heap ：0
07, 00, 02, 00, 08, 00, -1, -1, 08, 00, 03, 00, 00, 00, 05, 00, 13, 00, 11, 00, 12, 00, -1, -1, 06, 00, 04, 00, 09, 00, 01, 00, 10, 00, 15, 00, 14, 00, -1, -1, 
01, 00, 17, 00, 22, 00, 23, 00, 20, 00, 21, 00, 26, 00, -1, -1, 26, 00, 16, 00, 24, 00, 00, 00, 27, 00, 29, 00, 28, 00, 01, 00, 25, 00, 19, 00, 00, 00, 00, 00, 
01, 00, 00, 00, 00, 00, 00, 00, 00, 00, 00, 00, 00, 00, 00, 00, 00, 00, 00, 00, 00, 00, 00, 00, 00, 00, 00, 00, 00, 00, 01, 00, 00, 00, 00, 00, 00, 00, 00, 00, 
01, 00, 00, 00, 00, 00, 00, 00, 00, 00, 00, 00, 00, 00, 00, 00, 00, 00, 00, 00, 00, 00, 00, 00, 00, 00, 00, 00, 00, 00, 01, 00, 00, 00, 00, 00, 00, 00, 00, 00, 
01, 00, 00, 00, 00, 00, 00, 00, 00, 00, 00, 00, 00, 00, 00, 00, 00, 00, 00, 00, 00, 00, 00, 00, 00, 00, 00, 00, 00, 00, 01, 00, 00, 00, 00, 00, 00, 00, 00, 00, 

遺伝子番号：76
読み込まれた遺伝子：-1
Blank：3
Queue：0
Heap ：0
クラス2, 5日目, 5時間目の配置
遺伝子番号：76
遺伝子番号：77
遺伝子番号：78
遺伝子番号：79
読み込まれた遺伝子：18
Blank：3
Queue：0
Heap ：0
配置する科目：18
時間数：2

07, 00, 02, 00, 08, 00, -1, -1, 08, 00, 03, 00, 00, 00, 05, 00, 13, 00, 11, 00, 12, 00, -1, -1, 06, 00, 04, 00, 09, 00, 01, 00, 10, 00, 15, 00, 14, 00, -1, -1, 
01, 00, 17, 00, 22, 00, 23, 00, 20, 00, 21, 00, 26, 00, -1, -1, 26, 00, 16, 00, 24, 00, 00, 00, 27, 00, 29, 00, 28, 00, 01, 00, 25, 00, 19, 00, 18, 00, 00, 00, 
01, 00, 00, 00, 00, 00, 00, 00, 00, 00, 00, 00, 00, 00, 00, 00, 00, 00, 00, 00, 00, 00, 00, 00, 00, 00, 00, 00, 00, 00, 01, 00, 00, 00, 00, 00, 00, 00, 00, 00, 
01, 00, 00, 00, 00, 00, 00, 00, 00, 00, 00, 00, 00, 00, 00, 00, 00, 00, 00, 00, 00, 00, 00, 00, 00, 00, 00, 00, 00, 00, 01, 00, 00, 00, 00, 00, 00, 00, 00, 00, 
01, 00, 00, 00, 00, 00, 00, 00, 00, 00, 00, 00, 00, 00, 00, 00, 00, 00, 00, 00, 00, 00, 00, 00, 00, 00, 00, 00, 00, 00, 01, 00, 00, 00, 00, 00, 00, 00, 00, 00, 

遺伝子番号：79
読み込まれた遺伝子：18
Blank：3
Queue：0
Heap ：0
クラス2, 5日目, 7時間目の配置
遺伝子番号：80
読み込まれた遺伝子：18
Blank：2
Queue：0
Heap ：0
配置する科目：18
時間数：2

07, 00, 02, 00, 08, 00, -1, -1, 08, 00, 03, 00, 00, 00, 05, 00, 13, 00, 11, 00, 12, 00, -1, -1, 06, 00, 04, 00, 09, 00, 01, 00, 10, 00, 15, 00, 14, 00, -1, -1, 
01, 00, 17, 00, 22, 00, 23, 00, 20, 00, 21, 00, 26, 00, -1, -1, 26, 00, 16, 00, 24, 00, 00, 00, 27, 00, 29, 00, 28, 00, 01, 00, 25, 00, 19, 00, 18, 00, -1, -1, 
01, 00, 00, 00, 00, 00, 00, 00, 00, 00, 00, 00, 00, 00, 00, 00, 00, 00, 00, 00, 00, 00, 00, 00, 00, 00, 00, 00, 00, 00, 01, 00, 00, 00, 00, 00, 00, 00, 00, 00, 
01, 00, 00, 00, 00, 00, 00, 00, 00, 00, 00, 00, 00, 00, 00, 00, 00, 00, 00, 00, 00, 00, 00, 00, 00, 00, 00, 00, 00, 00, 01, 00, 00, 00, 00, 00, 00, 00, 00, 00, 
01, 00, 00, 00, 00, 00, 00, 00, 00, 00, 00, 00, 00, 00, 00, 00, 00, 00, 00, 00, 00, 00, 00, 00, 00, 00, 00, 00, 00, 00, 01, 00, 00, 00, 00, 00, 00, 00, 00, 00, 

遺伝子番号：80
読み込まれた遺伝子：18
Blank：2
Queue：1
Heap ：0
休憩を配置しきれていません。
2

Error
Unknown error!!
Error code = -4
